corner1: 
 position:
  x: 0.6276170675157945
  y: 0.3992451757488209
  z: 0.0 
 orientation:
  z: 0.00325923453113597
  w: 0.9999946886810305 
corner2: 
 position:
  x: -0.6640929556082957
  y: -0.7253542641687657
  z: 0.0 
 orientation:
  z: 0.9971482005154492
  w: 0.07546831261398095 
pedestrain: 
 position:
  x: 0.12241876319608681
  y: 0.5996216040474215
  z: 0.0 
 orientation:
  z: 0.9949664510365755
  w: 0.10020858901153033 
